 cohort          outcome    n  n0  n1 mean_control  mean_offer       effect
 A_2020  years_in_school 1171 579 592   3.60794473 3.701013514  0.093068781
 A_2020 married_or_cohab 1169 578 591   0.01730104 0.008460237 -0.008840801
 A_2020        has_child 1169 578 591   0.03633218 0.023688663 -0.012643517
 A_2020          working 1171 579 592   0.18998273 0.148648649 -0.041334080
 A_2020     hours_worked 1171 579 592   4.95164076 3.488175676 -1.463465084
 A_2020    in_school_now 1169 578 591   0.82525952 0.846023689  0.020764173
 A_2020   in_private_now 1163 573 590   0.53752182 0.696610169  0.159088354
 A_2020    highest_grade 1176 583 593   7.47169811 7.659359191  0.187661077
 A_2020    total_repeats 1171 579 592   0.24697755 0.182432432 -0.064545115
      se_HC2       lower        upper            p p_Holm_five
 0.054717909 -0.01428750  0.200425065 8.923084e-02   0.2676925
 0.006609370 -0.02180838  0.004126776 1.812822e-01   0.3625644
 0.009993939 -0.03225161  0.006964580 2.060814e-01   0.3625644
 0.021917500 -0.08433611  0.001667954 5.955700e-02   0.2382280
 0.663040607 -2.76434768 -0.162582484 2.749362e-02   0.1374681
 0.021696007 -0.02180337  0.063331714 3.387400e-01          NA
 0.028167724  0.10382302  0.214353693 2.041316e-08          NA
 0.055239844  0.07928124  0.296040917 7.035829e-04          NA
 0.027500514 -0.11850100 -0.010589233 1.908881e-02          NA
 cohort          outcome variance    n  n0  n1 ITT_same_sample FS_same_sample
 A_2020  years_in_school      HC2 1162 572 590     0.079423966      0.1598969
 A_2020 married_or_cohab      HC2 1161 572 589    -0.010691346      0.1610796
 A_2020        has_child      HC2 1161 572 589    -0.014641979      0.1610796
 A_2020          working      HC2 1162 572 590    -0.039658646      0.1598969
 A_2020     hours_worked      HC2 1162 572 590    -1.435314685      0.1598969
 A_2022  years_in_school      HC2  274 129 145     0.029350441      0.1548784
 A_2022 married_or_cohab      HC2  273 128 145     0.000000000      0.1497306
 A_2022        has_child      HC2  272 127 145     0.000000000      0.1523758
 A_2022          working      HC2  274 129 145    -0.024057739      0.1548784
 A_2022     hours_worked      HC2  274 129 145    -0.195028067      0.1548784
 B_2018  years_in_school      HC2  162  74  88     0.076474201      0.1855037
 B_2018 married_or_cohab      HC2  162  74  88    -0.031326781      0.1855037
 B_2018        has_child      HC2  162  74  88    -0.008599509      0.1855037
 B_2018          working      HC2  162  74  88     0.006756757      0.1855037
 B_2018     hours_worked      HC2  162  74  88    -0.288083538      0.1855037
      FS_se      FS_F     IV_beta       IV_se    IV_lower    IV_upper
 0.02818310 32.188637  0.49671991  0.31062966  -0.1127389  1.10617876
 0.02817985 32.674104 -0.06637307  0.04013744  -0.1451232  0.01237711
 0.02817985 32.674104 -0.09089904  0.06077597  -0.2101423  0.02834421
 0.02818310 32.188637 -0.24802639  0.13235684  -0.5077120  0.01165920
 0.02818310 32.188637 -8.97650198  3.99719594 -16.8190450 -1.13395899
 0.05299196  8.542041  0.18950639  0.34592722  -0.4915288  0.87054156
 0.05299888  7.981559  0.00000000          NA          NA          NA
 0.05319451  8.205373  0.00000000          NA          NA          NA
 0.05299196  8.542041 -0.15533310  0.21357487  -0.5758031  0.26513684
 0.05299196  8.542041 -1.25923369  5.39613580 -11.8827349  9.36426754
 0.07797852  5.659201  0.41225166  1.17931892  -1.9167871  2.74129043
 0.07797852  5.659201 -0.16887417  0.16837923  -0.5014066  0.16365823
 0.07797852  5.659201 -0.04635762  0.18326656  -0.4082910  0.31557579
 0.07797852  5.659201  0.03642384  0.37295053  -0.7001167  0.77296442
 0.07797852  5.659201 -1.55298013 10.55863201 -22.4052390 19.29927869
       IV_p AR_p_null0                                     AR_confset
 0.11007640 0.14575021                      [-0.20910834, 1.09445054]
 0.09847052 0.09747617                      [-0.15509627, 0.01285994]
 0.13501946 0.14069136                      [-0.22137853, 0.03262901]
 0.06119240 0.07161060                      [-0.52932692, 0.02426941]
 0.02491091 0.03164695                    [-17.60007379, -0.87543149]
 0.58426371 0.59107079                      [-0.73645944, 1.10645601]
         NA         NA Not reported: no observed events in either arm
         NA         NA Not reported: no observed events in either arm
 0.46766745 0.46986404                      [-0.78096262, 0.36198068]
 0.81565862 0.81752785                    [-14.48526222, 14.36170924]
 0.72712292 0.74076783                      [-6.11364242, 3.08655965]
 0.31740446 0.31243733                      [-1.00948984, 0.25434806]
 0.80063011 0.80419484                      [-0.58716359, 0.73295889]
 0.92232134 0.92141916                      [-0.82098231, 2.07208162]
 0.88325281 0.88441217                    [-32.26040084, 44.00462454]
       var_rf
 2.976927e-03
 4.155328e-05
 9.864370e-05
 4.836940e-04
 4.450750e-01
 2.977081e-03
 0.000000e+00
 0.000000e+00
 1.105038e-03
 7.131175e-01
 5.324715e-02
 9.557372e-04
 1.199159e-03
 4.676761e-03
 3.914277e+00
Verified structural 2SLS point estimates/HC1 sandwich equal same-sample ratio delta in all 15 models.
